
[[10000, 0.0012485954479802947, 6.302009263972593e-05, 30.094808101654053], [20000, 0.0012313869847921483, 4.4391856029922534e-05, 58.74889254570007], [40000, 0.0012313498924563645, 3.188763842584806e-05, 114.91780304908752], [100000, 0.0012384898883028303, 2.035636213695157e-05, 288.6427357196808], [500000, 0.0012322928405674167, 9.126271223356556e-06, 1429.5933511257172]]
[[10000, 0.0011940029785190874, 6.050640567378677e-05, 11.525058269500732], [20000, 0.0011650399856509256, 4.3770232689173515e-05, 32.71995139122009], [40000, 0.001225081215241232, 3.1379505107606924e-05, 94.45442295074463], [100000, 0.0012022443152062583, 1.968608055951687e-05, 371.6831200122833], [500000, 0.0011924732696918655, 8.774190795495867e-06, 4232.636505842209]]
[[10000, 0.0011920719938288827, 6.06365648853885e-05, 13.187091588973999], [20000, 0.0011758578193937267, 4.4496209266083014e-05, 38.80176258087158], [40000, 0.001197308538888747, 3.074986725464468e-05, 109.84893155097961], [100000, 0.0012189050353339002, 1.9673789448993837e-05, 425.2956454753876], [500000, 0.001210733083992573, 8.851829364072848e-06, 4795.372892618179]]
[[10000, 0.0011411017031207635, 6.218761569505758e-05, 2.2390246391296387], [20000, 0.0011136250228348781, 4.3225634873305586e-05, 4.818380355834961], [40000, 0.0011396116363194242, 3.0776414009218406e-05, 12.13954472541809], [100000, 0.0011218741372780398, 1.929351772145529e-05, 37.1802716255188], [500000, 0.0010982552774472308, 8.539323817780513e-06, 289.41632056236267]]


[[10000, 0.001231650714677993, 6.428816888280265e-05, 28.515102863311768], [20000, 0.0012148483318473607, 4.4645340901462384e-05, 56.5261116027832], [40000, 0.0012402736298243373, 3.220136474996142e-05, 112.26908731460571], [100000, 0.001244297182065147, 2.0463674977007172e-05, 281.1320881843567], [500000, 0.0012381005169516239, 9.135426057286902e-06, 1430.3182756900787], [1000000, 0.0012395203750480426, 6.472730456049392e-06, 2868.291092157364]]
[[10000, 0.0012209779487048667, 6.281463152915793e-05, 12.08816385269165], [20000, 0.0012016282183626116, 4.4396463729724976e-05, 33.89916753768921], [40000, 0.0011722839832616855, 3.025029305216335e-05, 93.6135241985321], [100000, 0.0011586724323056751, 1.9267684248117964e-05, 382.885968208313], [500000, 0.0011976652009332066, 8.804481908582339e-06, 4169.621246337891]]
[[10000, 0.0011216529639692593, 5.86359568877191e-05, 13.282079935073853], [20000, 0.0012265842870460956, 4.435111114710344e-05, 37.733720779418945], [40000, 0.0011655739702374737, 3.04590057410217e-05, 109.36626052856445], [100000, 0.0012000172112076166, 1.978028535309052e-05, 450.8405945301056], [500000, 0.0011906054524777221, 8.701422020616161e-06, 4791.119602680206]]
[[10000, 0.0010976183700247455, 6.051584616317258e-05, 2.3877294063568115], [20000, 0.001148400518615635, 4.482434061083199e-05, 5.040267705917358], [40000, 0.0011299328820605816, 3.052879679641299e-05, 12.795744895935059], [100000, 0.0011080685167170674, 1.9228662024825066e-05, 37.59222650527954], [500000, 0.001075654049534445, 8.362817106589151e-06, 286.13358783721924]]

