0.48790781038333497
0.5716123789418467
0.6450736090215714
0.7799005973365016
0.9225150573392189
1.0602839254018035
1.1845120559534346
1.287684368434351
1.3648245882922418
1.4159414812193922
1.445965172976787
1.5147878673990078
1.5051401425262079
1.4961832418112928
1.487472997592987
1.4788198894161333
1.4701529467581225
1.4614471633703485
1.452706244681512
1.4439403286117658
1.4351720089264852
1.426413887020668
1.417679531775304
1.4089844404579792
1.400336213292653
1.3917503239522204
1.3832299635041192
1.3747830306669766
1.366414781959414
1.358129345681926
1.3499299080957674
1.341818850039704
1.3337978661529017
1.3258685818391778
1.3180312495814832
1.3102825821041524
1.3026291078278422
1.2950669682781966
1.2875955728543922
1.2802138345454728
1.272920688131313
1.2657149470882005
1.258594612503099
1.251558838226862
1.2446066668242122
1.2377395542694691
1.2309472428005728
1.2242381786571794
1.2176096347899814
1.211045859460832
1.2045609051786013
1.1981479725357127
1.1918054158780396
1.1855315979833443
1.1793252801051948
1.1731837881791973
1.1671066169075142
1.1610918541153892
1.1551413178392067
1.1492468037594423
1.1434103286891752
1.1376320751223088
1.131908222036389
1.1262382540765192
1.1206208381971179
1.1150546718683225
1.1095384830301822
1.1040710299672911
1.0986511010305768
1.0932783916302535
1.087950174476168
1.0826660428522832
1.0774215491767214
1.0722223214767037
1.0670639668528727
1.0619454684656682
1.0568658357817444
1.0518241039982792
1.0468193337282408
1.041850610482183
1.036917044289858
1.0320177692242918
1.0271519430213216
1.0223187465805108
1.0175173160116615
1.012747079852139
1.0080070831033972
1.003296662089319
0.9986151061091043
0.9939604816348844
0.9893347547317924
0.9847357809871089
0.9801629105133752
0.9756157928918162
0.971093538404029
0.9665956817597144
0.9621216509619699
0.9576708887564657
0.953242852592146
0.948837018390594
