0.5136844041066874
0.6631549811052345
0.8284348473398712
0.9999147128817892
1.165309397568345
1.3177974517666928
1.4557392354693732
1.5800459649885126
1.6924745997672148
1.7949114579313197
1.8891040085328097
1.9765995495854942
2.058735060145683
2.136661450999686
2.211358369750229
2.2836787804754204
2.3543722430279113
2.4241079597323214
2.493511126764274
2.563181203770282
2.6337183174632286
2.705751400718068
2.779971690072416
2.835291776060126
2.9174099301437395
3.004690777124765
3.0987485064702542
3.2018524462992413
3.317365980244292
3.450748261873079
3.6119270401944243
3.822778861846348
4.149031506648083
4.863341983495493
4.94460005060882
5.024015151323488
5.101970101135638
5.178916557798763
5.422449286737692
5.380635718153625
5.3397573881433775
5.299431507410146
5.259351320159002
5.219259235614546
5.178953231279614
5.129380814260853
5.0459227973109355
4.312473329127261
3.921692733703451
3.7169653763972192
3.5716600723466456
3.457715755446988
3.363552458274916
3.2831306195895396
3.212863731807106
3.1504322755092926
3.094238429520926
3.043144162450485
3.0139759355947513
2.970229637614661
2.9296035388696104
2.8916794733539564
2.8561187783864628
2.822642587078611
2.791018698625628
2.7610507098918258
2.7325741947858213
2.7054453322397407
2.6795406535372033
2.6547528590986316
2.6309879367461675
2.608163153704668
2.5862060088609966
2.5650482995452135
2.5446352125230876
2.524913453105469
2.5058358245298082
2.487359934920575
2.469447262320505
2.452062786398939
2.4351746868967084
2.4187538255460974
2.402772583472623
2.3872087163976468
2.3720381776908086
2.357240391180591
2.342795431562732
2.328686094996864
2.314895684322641
2.301411089291395
2.2882109183906727
2.2752901230306786
2.2626345945581203
2.250228574015013
2.238063986487887
2.22612978229439
2.2144183342465102
2.20291828802756
2.1916220802875603
2.180521742729715
